#DESC MOVES-ready input file
#MODELING PERIOD: 2009091 - 2009120
#DATA FIPS,MonthID,TemperatureProfileID,RH,temp1(min),temp2(max),,,,,,,,,,,,temp24
PD_TEMP_INCREMENT     5
PV_TEMP_INCREMENT     5
PP_TEMP_INCREMENT    10
013121    4   min_max     63.21     36.44     89.98
013121    4   M2009091001     63.21     39.47     37.30     35.72     34.32     32.92     31.47     30.00     30.18     37.62     48.07     59.45     70.55     79.59     85.57     88.92     90.00     88.90     85.49     78.48     70.41     60.52     53.03     47.30     43.04
013121    4   M2009091002     63.21     47.89     46.08     44.76     43.60     42.44     41.23     40.00     40.15     46.35     55.06     64.54     73.80     81.32     86.30     89.10     90.00     89.09     86.24     80.40     73.67     65.43     59.19     54.42     50.87
013121    4   M2009091003     63.21     56.32     54.87     53.81     52.88     51.95     50.98     50.00     50.12     55.08     62.05     69.64     77.04     83.06     87.04     89.28     90.00     89.27     86.99     82.32     76.94     70.34     65.36     61.54     58.70
013121    4   M2009091004     63.21     64.74     63.65     62.86     62.16     61.46     60.74     60.00     60.09     63.81     69.03     74.73     80.28     84.79     87.78     89.46     90.00     89.45     87.75     84.24     80.20     75.26     71.52     68.65     66.52
013121    4   M2009091005     63.21     73.16     72.43     71.91     71.44     70.97     70.49     70.00     70.06     72.54     76.02     79.82     83.52     86.53     88.52     89.64     90.00     89.63     88.50     86.16     83.47     80.17     77.68     75.77     74.35
013121    4   M2009091006     63.21     81.58     81.22     80.95     80.72     80.49     80.25     80.00     80.03     81.27     83.01     84.91     86.76     88.26     89.26     89.82     90.00     89.82     89.25     88.08     86.73     85.09     83.84     82.88     82.17
013121    4   M2009091007     63.21     90.00     90.00     90.00     90.00     90.00     90.00     90.00     90.00     90.00     90.00     90.00     90.00     90.00     90.00     90.00     90.00     90.00     90.00     90.00     90.00     90.00     90.00     90.00     90.00
013121    4   M2009091008     63.21     37.89     36.08     34.76     33.60     32.44     31.23     30.00     30.15     36.35     45.06     54.54     63.80     71.32     76.30     79.10     80.00     79.09     76.24     70.40     63.67     55.43     49.19     44.42     40.87
013121    4   M2009091009     63.21     46.32     44.87     43.81     42.88     41.95     40.98     40.00     40.12     45.08     52.05     59.64     67.04     73.06     77.04     79.28     80.00     79.27     76.99     72.32     66.94     60.34     55.36     51.54     48.70
013121    4   M2009091010     63.21     54.74     53.65     52.86     52.16     51.46     50.74     50.00     50.09     53.81     59.03     64.73     70.28     74.79     77.78     79.46     80.00     79.45     77.75     74.24     70.20     65.26     61.52     58.65     56.52
013121    4   M2009091011     63.21     63.16     62.43     61.91     61.44     60.97     60.49     60.00     60.06     62.54     66.02     69.82     73.52     76.53     78.52     79.64     80.00     79.63     78.50     76.16     73.47     70.17     67.68     65.77     64.35
013121    4   M2009091012     63.21     71.58     71.22     70.95     70.72     70.49     70.25     70.00     70.03     71.27     73.01     74.91     76.76     78.26     79.26     79.82     80.00     79.82     79.25     78.08     76.73     75.09     73.84     72.88     72.17
013121    4   M2009091013     63.21     80.00     80.00     80.00     80.00     80.00     80.00     80.00     80.00     80.00     80.00     80.00     80.00     80.00     80.00     80.00     80.00     80.00     80.00     80.00     80.00     80.00     80.00     80.00     80.00
013121    4   M2009091014     63.21     36.32     34.87     33.81     32.88     31.95     30.98     30.00     30.12     35.08     42.05     49.64     57.04     63.06     67.04     69.28     70.00     69.27     66.99     62.32     56.94     50.34     45.36     41.54     38.70
013121    4   M2009091015     63.21     44.74     43.65     42.86     42.16     41.46     40.74     40.00     40.09     43.81     49.03     54.73     60.28     64.79     67.78     69.46     70.00     69.45     67.75     64.24     60.20     55.26     51.52     48.65     46.52
013121    4   M2009091016     63.21     53.16     52.43     51.91     51.44     50.97     50.49     50.00     50.06     52.54     56.02     59.82     63.52     66.53     68.52     69.64     70.00     69.63     68.50     66.16     63.47     60.17     57.68     55.77     54.35
013121    4   M2009091017     63.21     61.58     61.22     60.95     60.72     60.49     60.25     60.00     60.03     61.27     63.01     64.91     66.76     68.26     69.26     69.82     70.00     69.82     69.25     68.08     66.73     65.09     63.84     62.88     62.17
013121    4   M2009091018     63.21     70.00     70.00     70.00     70.00     70.00     70.00     70.00     70.00     70.00     70.00     70.00     70.00     70.00     70.00     70.00     70.00     70.00     70.00     70.00     70.00     70.00     70.00     70.00     70.00
013121    4   M2009091019     63.21     34.74     33.65     32.86     32.16     31.46     30.74     30.00     30.09     33.81     39.03     44.73     50.28     54.79     57.78     59.46     60.00     59.45     57.75     54.24     50.20     45.26     41.52     38.65     36.52
013121    4   M2009091020     63.21     43.16     42.43     41.91     41.44     40.97     40.49     40.00     40.06     42.54     46.02     49.82     53.52     56.53     58.52     59.64     60.00     59.63     58.50     56.16     53.47     50.17     47.68     45.77     44.35
013121    4   M2009091021     63.21     51.58     51.22     50.95     50.72     50.49     50.25     50.00     50.03     51.27     53.01     54.91     56.76     58.26     59.26     59.82     60.00     59.82     59.25     58.08     56.73     55.09     53.84     52.88     52.17
013121    4   M2009091022     63.21     60.00     60.00     60.00     60.00     60.00     60.00     60.00     60.00     60.00     60.00     60.00     60.00     60.00     60.00     60.00     60.00     60.00     60.00     60.00     60.00     60.00     60.00     60.00     60.00
013121    4   M2009091023     63.21     33.16     32.43     31.91     31.44     30.97     30.49     30.00     30.06     32.54     36.02     39.82     43.52     46.53     48.52     49.64     50.00     49.63     48.50     46.16     43.47     40.17     37.68     35.77     34.35
013121    4   M2009091024     63.21     41.58     41.22     40.95     40.72     40.49     40.25     40.00     40.03     41.27     43.01     44.91     46.76     48.26     49.26     49.82     50.00     49.82     49.25     48.08     46.73     45.09     43.84     42.88     42.17
013121    4   M2009091025     63.21     50.00     50.00     50.00     50.00     50.00     50.00     50.00     50.00     50.00     50.00     50.00     50.00     50.00     50.00     50.00     50.00     50.00     50.00     50.00     50.00     50.00     50.00     50.00     50.00
013121    4   M2009091026     63.21     31.58     31.22     30.95     30.72     30.49     30.25     30.00     30.03     31.27     33.01     34.91     36.76     38.26     39.26     39.82     40.00     39.82     39.25     38.08     36.73     35.09     33.84     32.88     32.17
013121    4   M2009091027     63.21     40.00     40.00     40.00     40.00     40.00     40.00     40.00     40.00     40.00     40.00     40.00     40.00     40.00     40.00     40.00     40.00     40.00     40.00     40.00     40.00     40.00     40.00     40.00     40.00
013121    4   M2009091028     63.21     30.00     30.00     30.00     30.00     30.00     30.00     30.00     30.00     30.00     30.00     30.00     30.00     30.00     30.00     30.00     30.00     30.00     30.00     30.00     30.00     30.00     30.00     30.00     30.00
013217    4   min_max     63.30     39.75     89.15
013217    4   M2009091001     63.30     41.10     38.81     37.11     35.56     33.76     31.85     30.00     30.18     38.50     49.83     61.08     71.22     79.57     85.45     88.77     90.00     89.43     86.71     80.66     73.11     62.90     55.20     49.29     44.86
013217    4   M2009091002     63.30     49.25     47.34     45.93     44.63     43.13     41.54     40.00     40.15     47.08     56.52     65.90     74.35     81.31     86.21     88.97     90.00     89.53     87.25     82.22     75.93     67.42     61.00     56.07     52.38
013217    4   M2009091003     63.30     57.40     55.87     54.74     53.71     52.51     51.23     50.00     50.12     55.67     63.22     70.72     77.48     83.05     86.97     89.18     90.00     89.62     87.80     83.78     78.74     71.93     66.80     62.86     59.91
013217    4   M2009091004     63.30     65.55     64.41     63.56     62.78     61.88     60.92     60.00     60.09     64.25     69.91     75.54     80.61     84.79     87.72     89.38     90.00     89.72     88.35     85.33     81.56     76.45     72.60     69.64     67.43
013217    4   M2009091005     63.30     73.70     72.94     72.37     71.85     71.25     70.62     70.00     70.06     72.83     76.61     80.36     83.74     86.52     88.48     89.59     90.00     89.81     88.90     86.89     84.37     80.97     78.40     76.43     74.95
013217    4   M2009091006     63.30     81.85     81.47     81.19     80.93     80.63     80.31     80.00     80.03     81.42     83.30     85.18     86.87     88.26     89.24     89.79     90.00     89.91     89.45     88.44     87.19     85.48     84.20     83.21     82.48
013217    4   M2009091007     63.30     90.00     90.00     90.00     90.00     90.00     90.00     90.00     90.00     90.00     90.00     90.00     90.00     90.00     90.00     90.00     90.00     90.00     90.00     90.00     90.00     90.00     90.00     90.00     90.00
013217    4   M2009091008     63.30     39.25     37.34     35.93     34.63     33.13     31.54     30.00     30.15     37.08     46.52     55.90     64.35     71.31     76.21     78.97     80.00     79.53     77.25     72.22     65.93     57.42     51.00     46.07     42.38
013217    4   M2009091009     63.30     47.40     45.87     44.74     43.71     42.51     41.23     40.00     40.12     45.67     53.22     60.72     67.48     73.05     76.97     79.18     80.00     79.62     77.80     73.78     68.74     61.93     56.80     52.86     49.91
013217    4   M2009091010     63.30     55.55     54.41     53.56     52.78     51.88     50.92     50.00     50.09     54.25     59.91     65.54     70.61     74.79     77.72     79.38     80.00     79.72     78.35     75.33     71.56     66.45     62.60     59.64     57.43
013217    4   M2009091011     63.30     63.70     62.94     62.37     61.85     61.25     60.62     60.00     60.06     62.83     66.61     70.36     73.74     76.52     78.48     79.59     80.00     79.81     78.90     76.89     74.37     70.97     68.40     66.43     64.95
013217    4   M2009091012     63.30     71.85     71.47     71.19     70.93     70.63     70.31     70.00     70.03     71.42     73.30     75.18     76.87     78.26     79.24     79.79     80.00     79.91     79.45     78.44     77.19     75.48     74.20     73.21     72.48
013217    4   M2009091013     63.30     80.00     80.00     80.00     80.00     80.00     80.00     80.00     80.00     80.00     80.00     80.00     80.00     80.00     80.00     80.00     80.00     80.00     80.00     80.00     80.00     80.00     80.00     80.00     80.00
013217    4   M2009091014     63.30     37.40     35.87     34.74     33.71     32.51     31.23     30.00     30.12     35.67     43.22     50.72     57.48     63.05     66.97     69.18     70.00     69.62     67.80     63.78     58.74     51.93     46.80     42.86     39.91
013217    4   M2009091015     63.30     45.55     44.41     43.56     42.78     41.88     40.92     40.00     40.09     44.25     49.91     55.54     60.61     64.79     67.72     69.38     70.00     69.72     68.35     65.33     61.56     56.45     52.60     49.64     47.43
013217    4   M2009091016     63.30     53.70     52.94     52.37     51.85     51.25     50.62     50.00     50.06     52.83     56.61     60.36     63.74     66.52     68.48     69.59     70.00     69.81     68.90     66.89     64.37     60.97     58.40     56.43     54.95
013217    4   M2009091017     63.30     61.85     61.47     61.19     60.93     60.63     60.31     60.00     60.03     61.42     63.30     65.18     66.87     68.26     69.24     69.79     70.00     69.91     69.45     68.44     67.19     65.48     64.20     63.21     62.48
013217    4   M2009091018     63.30     70.00     70.00     70.00     70.00     70.00     70.00     70.00     70.00     70.00     70.00     70.00     70.00     70.00     70.00     70.00     70.00     70.00     70.00     70.00     70.00     70.00     70.00     70.00     70.00
013217    4   M2009091019     63.30     35.55     34.41     33.56     32.78     31.88     30.92     30.00     30.09     34.25     39.91     45.54     50.61     54.79     57.72     59.38     60.00     59.72     58.35     55.33     51.56     46.45     42.60     39.64     37.43
013217    4   M2009091020     63.30     43.70     42.94     42.37     41.85     41.25     40.62     40.00     40.06     42.83     46.61     50.36     53.74     56.52     58.48     59.59     60.00     59.81     58.90     56.89     54.37     50.97     48.40     46.43     44.95
013217    4   M2009091021     63.30     51.85     51.47     51.19     50.93     50.63     50.31     50.00     50.03     51.42     53.30     55.18     56.87     58.26     59.24     59.79     60.00     59.91     59.45     58.44     57.19     55.48     54.20     53.21     52.48
013217    4   M2009091022     63.30     60.00     60.00     60.00     60.00     60.00     60.00     60.00     60.00     60.00     60.00     60.00     60.00     60.00     60.00     60.00     60.00     60.00     60.00     60.00     60.00     60.00     60.00     60.00     60.00
013217    4   M2009091023     63.30     33.70     32.94     32.37     31.85     31.25     30.62     30.00     30.06     32.83     36.61     40.36     43.74     46.52     48.48     49.59     50.00     49.81     48.90     46.89     44.37     40.97     38.40     36.43     34.95
013217    4   M2009091024     63.30     41.85     41.47     41.19     40.93     40.63     40.31     40.00     40.03     41.42     43.30     45.18     46.87     48.26     49.24     49.79     50.00     49.91     49.45     48.44     47.19     45.48     44.20     43.21     42.48
013217    4   M2009091025     63.30     50.00     50.00     50.00     50.00     50.00     50.00     50.00     50.00     50.00     50.00     50.00     50.00     50.00     50.00     50.00     50.00     50.00     50.00     50.00     50.00     50.00     50.00     50.00     50.00
013217    4   M2009091026     63.30     31.85     31.47     31.19     30.93     30.63     30.31     30.00     30.03     31.42     33.30     35.18     36.87     38.26     39.24     39.79     40.00     39.91     39.45     38.44     37.19     35.48     34.20     33.21     32.48
013217    4   M2009091027     63.30     40.00     40.00     40.00     40.00     40.00     40.00     40.00     40.00     40.00     40.00     40.00     40.00     40.00     40.00     40.00     40.00     40.00     40.00     40.00     40.00     40.00     40.00     40.00     40.00
013217    4   M2009091028     63.30     30.00     30.00     30.00     30.00     30.00     30.00     30.00     30.00     30.00     30.00     30.00     30.00     30.00     30.00     30.00     30.00     30.00     30.00     30.00     30.00     30.00     30.00     30.00     30.00
