# State;ALD2;ALDX;CH4;CO;ETH;ETHA;ETOH;FORM;IOLE;ISOP;MEOH;NH3;NO;NO2;NOX;NVOL;OLE;PAR;PEC;PM10;PM2.5;PMC;PMFINE;PNO3;POC;PSO4;SO2;SULF;TERP;TOL;UNK;UNR;XYL
Alabama;2326.52418869;818.92003739;11136.2844386;1237420.52592;5117.84571039;1646.64419601;0.0;2074.10629552;1707.9807672;1.08954399974;0.0;5628.90049163;137457.051304;15273.0031381;152730.054442;22.2580054564;6240.06557451;62763.9754362;1731.78203674;4182.87582356;3081.66990239;1101.20592117;547.219915012;3.61087297519;777.200098216;21.8569794474;5570.90171288;0.0;33.2916497164;15226.7815807;274.383091299;11483.0625166;15517.3139775
Alaska;0.0;0.0;0.0;0.0;0.0;0.0;0.0;0.0;0.0;0.0;0.0;0.0;0.0;0.0;0.0;0.0;0.0;0.0;0.0;0.0;0.0;0.0;0.0;0.0;0.0;0.0;0.0;0.0;0.0;0.0;0.0;0.0;0.0
Arizona;1945.51932115;714.236838241;8144.79903438;834736.275437;3740.55226032;1181.7063942;4940.85650702;1665.7272713;1143.62532913;0.472942802626;0.0;5140.16471194;142266.775297;15807.4213452;158074.196642;24.0684410787;4448.30209101;48259.1398192;1701.6743996;3974.26434994;2911.45874149;1062.80560845;492.685810391;3.5833013112;693.171293397;20.3439367935;2842.72159174;0.0;35.9996707882;12821.3789659;186.515251068;9053.62889547;10399.5840681
Arkansas;1228.35921851;392.774488599;6523.27017753;736914.722832;2995.28105805;967.746754499;2715.61006419;1171.92859579;770.107957881;0.234409367979;0.0;3007.70015311;74859.0280598;8317.66971456;83176.6977743;10.9402198813;3569.26910822;31187.131929;870.489094617;2183.54835309;1595.40066205;588.147691044;295.159482575;1.88205823509;416.15028864;11.7197379807;3070.33793372;0.0;16.3635001901;8456.80291494;147.068946462;6444.76091884;7403.37478783
California;8939.57316199;3510.62223639;36515.8659281;3563790.73993;17021.0796699;5387.71014323;0.0;7521.03015327;5772.34704649;3.76719559847;0.0;31774.271588;619773.095014;68863.6502367;688636.74525;110.421214273;20707.1118519;213561.509825;11503.7329982;27086.2662438;20616.2879263;6469.97831754;3519.53306657;24.1114940172;5426.81988789;142.09047956;4762.0257566;0.0;165.15896784;51147.7382131;921.904519673;38811.7072332;51893.9848751
Colorado;2365.99826836;961.820736211;9745.87137309;1100645.14319;4622.47123116;1454.74761394;2881.76425774;2071.70668856;1149.02025884;0.366088262438;0.0;4402.54773668;113843.782367;12649.3110686;126493.093436;33.2186147258;5494.64155765;45856.8391851;1294.89869519;3182.58918853;2328.82177152;853.76741701;422.21385164;2.75564322602;592.088743862;16.864837602;4117.59474859;0.0;49.6857726351;12237.0234716;236.084051787;9746.2608542;11228.0351206
Connecticut;932.456657286;281.103157041;5646.06930141;639906.953559;2576.88565967;843.242887415;3.54225370128;938.21688229;760.240810551;0.411151487657;0.0;3247.96421876;59627.5394774;6625.28232191;66252.8217993;5.53234294218;3133.96215224;27762.3899425;495.275104968;1594.84354371;1053.92189807;540.92164564;257.995924095;1.28112457768;289.479907406;9.88983702332;1654.91714788;0.0;8.27485267151;7092.52134698;136.850451615;5426.83887246;7303.58228013
Delaware;244.379448999;82.4994948991;1306.891621;155365.733045;601.000638899;194.774908988;0.132701134609;232.278437651;181.610671572;0.102124454571;0.0;903.274132399;19365.3926551;2151.71083869;21517.1034938;2.06254470147;730.371441029;6661.62997122;218.206687611;566.332164476;401.609068746;164.72309573;78.9538736862;0.477098970993;100.850989049;3.12041942933;552.797577561;0.0;3.08498745283;1678.37563336;32.1145231325;1285.8760317;1722.37652717
District of Columbia;111.144806363;36.0162421116;592.388969394;64962.5887712;270.437192502;87.8185238623;0.0;103.814186919;87.8561944697;0.0541686880735;0.0;395.877223609;7797.9216226;866.435896978;8664.35751958;0.847778549579;329.877752862;3216.33202512;73.519912697;216.017950639;147.931641231;68.0863094077;33.1788108269;0.178023280808;39.7703946825;1.28449974371;268.108976229;0.0;1.26804189963;790.935652133;14.4177929013;596.435738322;808.864226481
Florida;7439.79568273;2427.65263544;35591.6900566;3785259.31289;16112.7123621;5207.12496454;0.0;6431.33000994;6112.39489868;4.41384851932;0.0;18213.9043235;399655.485975;44406.1678526;444061.653827;59.6129267018;19794.1415539;223784.024955;4662.68468394;12298.9463727;8929.20480453;3369.74156815;1754.40392764;10.482033874;2432.96088824;68.6732708323;21272.9856477;0.0;89.1640742737;52219.5963691;859.64297161;38280.9561857;52910.9117946
Georgia;4358.2029142;1613.14689504;19992.566027;2244681.76679;9257.67014451;2962.84836667;0.0;3853.09160999;2992.5781668;1.84394953686;0.0;10641.8162051;274263.166644;30473.6904894;304736.857133;46.8797536004;11259.0650124;110293.881871;3587.39672724;8448.72615321;6287.84608432;2160.88006889;1075.53475642;7.35333388449;1574.330606;43.2306607803;11170.643825;0.0;70.1187030738;26974.8609796;498.256467644;20540.1308217;27503.2358659
Hawaii;0.0;0.0;0.0;0.0;0.0;0.0;0.0;0.0;0.0;0.0;0.0;0.0;0.0;0.0;0.0;0.0;0.0;0.0;0.0;0.0;0.0;0.0;0.0;0.0;0.0;0.0;0.0;0.0;0.0;0.0;0.0;0.0;0.0
Idaho;621.599020222;215.622718431;3555.82473696;389935.664386;1650.74818143;535.655523559;0.0;627.346204743;425.88102193;0.182252237934;0.0;1420.22339457;39903.4961676;4433.72212261;44337.2182902;5.4906804676;1993.46118483;15649.155244;432.484629706;1058.44709822;776.57504412;281.872054101;139.640236887;0.910051312577;197.977851155;5.56227505966;1304.91993232;0.0;8.21245712131;4186.00804051;88.309979023;3309.20100459;4335.38753242
Illinois;4030.36799722;1462.89171091;19530.8356924;2085295.61613;9109.61303834;2917.12305963;5233.0126059;3737.31479953;2302.26786783;0.777727695564;0.0;10628.3337491;264544.189329;29393.8025598;293937.991888;44.8840322426;10877.8778185;90382.926634;3169.13862321;7676.82084338;5619.7664677;2057.05437568;1004.77536754;6.5931489167;1399.10079168;40.1585363515;8447.17386994;0.0;67.1339826121;24157.8968146;461.429165297;19048.6969862;22493.1922877
Indiana;3066.08531768;1020.64452624;16727.5252408;1738926.66864;7714.38860002;2499.33286646;2290.42156173;2971.83619124;2095.11045974;0.917589782569;0.0;7344.37456461;193075.500833;21452.8359995;214528.336832;26.4852757817;9294.12363971;79247.0381002;2224.27429841;5466.09972982;4035.72267013;1430.3770597;729.26131164;4.71372421281;1048.52568936;28.9476465109;8532.67230653;0.0;39.6145838919;20787.9467187;399.961734552;16142.1689688;20368.7479182
Iowa;1486.48195823;425.284123128;9582.92149187;1057960.42174;4383.50739414;1437.87611245;1015.39479872;1561.93348276;1144.58297004;0.46663219587;0.0;3096.90517414;103363.075242;11484.7876063;114847.862849;7.91518539989;5289.93763864;42732.7010793;928.632073282;2334.13462855;1707.2218801;626.912748447;314.829902831;1.99752608343;449.305602606;12.4567752994;2989.36422097;0.0;11.8390150102;11413.3476657;226.389978141;8913.20095036;11382.5771718
Kansas;1168.73538346;395.555385462;6303.760668;684182.263031;2911.54144582;942.317617145;737.756860001;1128.33987458;793.265746105;0.354245084773;0.0;2871.34874838;76460.6301777;8495.62604518;84956.2562229;10.4276723127;3509.61019982;29888.4600975;916.775489564;2179.1683618;1610.43454885;568.733812949;280.016275953;1.88397239813;400.536499832;11.2223111052;2877.7776211;0.0;15.5968578846;7821.96694954;151.717832698;6084.00296404;7721.30138505
Kentucky;1889.02268265;679.729118603;9517.12307942;1053656.14774;4410.91576014;1420.4863429;159.413681311;1764.00004494;1289.94399588;0.688290769027;0.0;4828.58662213;131904.799178;14656.0901069;146560.889285;18.8631363283;5343.71010939;47656.4263105;1593.59698342;3780.35554589;2810.7649496;969.590596295;485.848349124;3.27532906739;708.609683251;19.4346047388;5536.30803331;0.0;28.2139242778;12117.5044027;235.983286717;9368.07728998;12360.3519584
Louisiana;1715.64068334;600.660544762;8054.78587587;944349.808447;3691.99053203;1187.14371466;0.0;1505.39925484;1281.67947782;0.852801530118;0.0;4366.56784107;110845.353636;12316.1502964;123161.503932;16.2893724103;4509.93607097;47080.8783989;1407.80658763;3346.57546895;2477.59915883;868.976310124;430.116066183;2.89503298666;619.553743724;17.2277283024;4388.86845439;0.0;24.3643821095;11272.3320874;197.899412093;8436.10940916;11462.0954044
Maine;602.921564973;216.268019665;3354.67903019;361825.297438;1563.52835606;505.92259236;0.777493559087;603.483546983;395.496954965;0.162318763604;0.0;1471.43278923;42250.241748;4694.47126308;46944.7130111;5.80059625655;1885.69173467;14562.2896687;513.4483187;1167.91490942;867.187202059;300.727707358;142.345548813;1.01430711487;204.598294284;5.78073314704;1115.89199557;0.0;8.67604745317;3918.68564033;83.8119140903;3116.23710417;4059.74288089
Maryland;1444.33980112;453.529906138;8423.67375298;1003002.61268;3855.11907411;1257.79252577;0.0521502577754;1429.60524902;1139.40991453;0.618880918335;0.0;5584.68242883;108645.999842;12071.7798656;120717.779707;9.80873004183;4686.34429844;41665.6522534;1114.52382303;3132.93341281;2169.65745443;963.275958377;465.953452383;2.66840787711;568.145443432;18.366327706;3939.7547358;0.0;14.6711729493;10619.9637115;205.15748823;8138.59130122;10929.6331949
Massachusetts;1606.53379996;568.033819078;8517.2883661;955481.227437;3946.99298165;1275.52976495;5.84167121811;1543.97718778;1111.40840748;0.561997335935;0.0;5486.32320618;114247.801196;12694.2053568;126942.006553;15.1520586088;4779.36163325;40877.1395;1193.31765318;3213.83006719;2236.64802008;977.182047102;460.057953119;2.66425811714;562.580960884;18.0271947839;3139.08334551;0.0;22.6632532416;10549.9240059;211.461516489;8214.42170256;10859.0453123
Michigan;4713.05683308;1655.31822422;26349.9533683;2739124.49865;12254.8218688;3968.99554576;773.659315796;4707.89191374;3115.88699599;1.26958417467;0.0;9797.3148047;281142.848526;31238.1019576;312380.950484;43.7323007656;14772.3185003;115329.117427;3194.01902699;7789.96051742;5816.71749169;1973.24302573;1032.95394324;6.84137998313;1541.67249569;41.2306457889;13428.2678201;0.0;65.4114030192;30927.9460103;651.150213948;24561.9279533;31705.0670657
Minnesota;2277.1619753;787.668016931;12403.1929205;1314778.09313;5740.34208989;1858.7532822;310.20996617;2217.76552134;1581.99350113;0.760465876751;0.0;5362.84961557;145752.899712;16194.766607;161947.666319;20.486778915;6942.28965651;58433.6217451;1527.36800884;3750.47604667;2706.16505233;1044.31099434;492.647496045;3.18784173019;663.301847032;19.6598586837;2793.80703341;0.0;30.6424088758;15216.8001954;305.420636276;11872.9233026;15548.7610335
Mississippi;1464.67641912;542.92109993;6400.48425139;740968.230348;2955.4381387;942.759950462;234.524843599;1256.46667358;1010.53787553;0.654996960267;0.0;3615.67918936;94254.3026152;10472.7010962;104727.003711;16.1016346831;3598.32609116;37520.2017867;1342.81955742;3031.97898841;2285.3579939;746.620994505;367.52649647;2.83360350976;556.777074356;15.4012621461;3579.18267873;0.0;24.0834767242;9027.82664042;158.328670007;6776.11905259;9049.16895804
Missouri;2841.03550138;1017.68859897;14560.9642205;1598585.22423;6752.73929885;2176.5408759;442.67522545;2683.35355171;1920.6332038;0.973716385522;0.0;6917.67640481;178768.556529;19863.1728485;198631.729378;28.1207243837;8169.11066445;71169.4747668;2113.37234147;5144.32638536;3771.01581078;1373.31057458;674.541085115;4.42322999168;951.759640426;26.9195137706;6111.78885718;0.0;42.0607532267;18295.5892139;360.138283459;14201.8754701;18596.7412917
Montana;470.567124589;166.430587565;2680.81697294;284733.206471;1249.63564347;404.905478045;66.8170576894;477.705475983;304.563403595;0.112107672779;0.0;1035.79133661;32855.342093;3650.59380082;36505.9358938;4.40638962615;1504.31150657;11269.5443677;405.611071722;900.805663784;680.430240028;220.375423756;107.146166548;0.790155040041;162.516463015;4.36638370343;1058.7282497;0.0;6.5907178624;3074.18752223;66.480267672;2462.39376611;3164.26030975
Nebraska;904.804890557;344.846635008;4451.55388769;474437.120208;2083.62761601;668.077361067;0.0;849.924311612;566.133851342;0.270279233949;0.0;1876.69488947;59116.8307428;6568.53714358;65685.3678864;10.1979392781;2515.65265382;20921.2324832;773.792747565;1706.10058334;1296.99995844;409.1006249;200.738460843;1.55277710721;312.58159328;8.33437964693;2000.84502632;0.0;15.2533307231;5447.2573748;112.265736237;4294.28706361;5608.40749395
Nevada;516.455417451;156.875887145;2784.96121166;300405.463873;1258.24410631;408.086628174;995.661660543;486.572459024;391.724612113;0.190934500934;0.0;1529.691274;25347.2316612;2816.36203641;28163.5936976;3.91460564163;1515.69704606;15547.4700592;167.629574012;639.451032436;395.413169155;244.03786328;112.284820847;0.492141691055;110.758634347;4.24799825835;357.253631839;0.0;5.85516658939;4067.73502255;64.0789280643;2908.67252538;3619.82707044
New Hampshire;495.035587493;176.505698794;2712.90581568;294921.333011;1261.84596907;408.176966165;0.0;488.915850946;331.359884698;0.147421492154;0.0;1267.45469733;34666.6413655;3851.8506728;38518.4920383;4.71660740092;1523.95543669;12194.0946909;412.973806445;959.786917332;705.915982738;253.870934594;119.577144353;0.828700430452;167.702855647;4.83347586214;874.137769033;0.0;7.05472686784;3233.20623857;67.6295371903;2552.08361451;3342.55683582
New Jersey;1994.55256721;613.489755364;11294.6764032;1320679.52997;5140.11518358;1676.9889915;5.9596722168;1916.4275479;1640.5461117;0.988186898924;0.0;7611.61308234;144317.959708;16035.3312921;160353.291;12.9272523554;6270.07211553;59946.6438799;1216.68598059;3766.550661;2505.73441911;1260.81624189;596.887395294;3.05540060737;666.068145086;23.0374975336;3629.9863406;0.0;19.3355034045;14867.2962193;273.232489382;11218.5007708;15232.3610503
New Mexico;1294.73394653;539.047382067;5074.99759454;587276.00519;2410.0139098;754.979316148;1192.00052726;1107.60084289;648.389810237;0.267107179285;0.0;2326.88887316;69279.1263683;7697.68025067;76976.8066189;18.7716870319;2876.46062478;25491.181447;860.221038928;1946.26443427;1459.5709907;486.693443564;236.333672955;1.69917536114;351.72885751;9.58824594763;2243.45380667;0.0;28.0772034987;6631.73042761;125.667121511;5204.19877125;6209.03311298
New York;4317.81868536;1369.99612635;24478.5376425;2814100.3403;11194.3972726;3647.07460162;8.4261045057;4195.85921341;3407.46089022;1.93096096133;0.0;14541.7529157;259571.486826;28841.2782464;288412.765072;30.5074025695;13621.9918543;124658.828704;2682.88043751;7979.81500058;5482.07620695;2497.73879363;1233.36889543;6.86416265701;1510.42354106;48.5391702905;8025.49286595;0.0;45.6305070653;31413.9914726;596.028574194;23952.5673588;32261.5558701
North Carolina;3200.42560796;1129.67029294;15736.1023103;1789023.02016;7250.60555021;2335.44888189;0.0;2911.37895385;2309.25641726;1.39439112353;0.0;7963.75216191;216409.681349;24045.5186479;240455.199997;30.6195229088;8822.47263337;84882.1837985;2748.83080937;6455.38457294;4818.48474854;1636.8998244;818.317030925;5.68566091811;1212.58723524;33.0640120813;8642.44179699;0.0;45.7982831727;20930.7422714;388.708871112;15925.0663604;21388.6146664
North Dakota;342.102054465;118.171216103;2040.0499003;207302.248697;949.001017235;308.487001108;0.0;355.693960901;230.177023275;0.0849378757916;0.0;735.175161847;22217.5146545;2468.61256304;24686.1272175;2.95387239207;1143.7743944;8457.62231291;264.008138252;602.620819965;450.636362881;151.984457084;73.9431410352;0.525040493394;109.167251884;2.99279121679;697.895560442;0.0;4.41815290332;2321.46230202;50.7450522793;1856.12121815;2413.88855063
Ohio;4431.68783121;1455.0255161;23950.1426977;2598193.97635;11015.5685301;3568.09505971;4251.41582235;4255.30984367;3051.72363463;1.35550809802;0.0;10973.0391372;292192.532568;32465.8364686;324658.369037;37.7812873559;13265.8095106;116434.382643;3209.85339043;7967.19522512;5863.11831335;2104.07691177;1074.33709343;6.85369389926;1529.52680875;42.5473268407;12620.1446664;0.0;56.5104380694;30427.6628423;567.028394826;23401.6037964;29304.3137609
Oklahoma;1871.45771048;624.666316573;9803.10156627;1069119.31995;4506.78761687;1456.90864188;1667.74502541;1764.69520177;1295.35742018;0.619550519354;0.0;4627.25624156;118887.283651;13209.6967964;132096.980447;16.6082680269;5435.12328404;49347.2162943;1424.07687583;3468.38476088;2563.27872143;905.106039452;458.44058676;2.99428154125;659.527376665;18.2396006327;5320.95967548;0.0;24.8413025877;12743.1062408;233.080910862;9722.2040728;12279.8030989
Oregon;1939.64269264;623.520840931;11031.0197563;1078526.05253;5072.19727904;1648.20775628;1724.66209507;1918.91360328;1360.47597805;0.569857716232;0.0;3270.88431367;97544.6698448;10838.2994833;108382.969328;15.3708079829;6107.98643336;51707.496578;1107.03185668;2679.60835144;1996.92484907;682.683502373;349.134996059;2.35188335345;524.389922122;14.0161908541;3475.26366948;0.0;22.9904216141;13719.4986104;262.292098657;10589.6086383;13328.8425958
Pennsylvania;3962.49003681;1338.07339852;21727.2988685;2419289.54765;10011.1558649;3247.63302086;0.694348737248;3837.38737068;2905.40060331;1.53937460738;0.0;10611.9703377;262874.267963;29208.2520218;292082.519985;33.2214610691;12146.8916875;106581.947138;2808.94552258;7178.74675739;5158.33286529;2020.41389209;983.354017979;6.09401489222;1321.03804428;38.9012655633;7839.03198399;0.0;49.6902438202;27261.8287385;534.897544955;21045.7048799;28046.362061
Puerto Rico;0.0;0.0;0.0;0.0;0.0;0.0;0.0;0.0;0.0;0.0;0.0;0.0;0.0;0.0;0.0;0.0;0.0;0.0;0.0;0.0;0.0;0.0;0.0;0.0;0.0;0.0;0.0;0.0;0.0;0.0;0.0;0.0;0.0
Rhode Island;252.623829362;64.9698396468;1728.00425757;187400.061262;782.101045057;258.240262207;0.0;268.683034442;229.958763879;0.123257573174;0.0;850.13959457;14934.6408825;1659.40509576;16594.0459783;0.730480617074;952.690170748;8357.86494854;77.4256785551;340.01001939;206.496678671;133.513340719;63.8104375623;0.259304816548;62.6146082662;2.38664947062;422.222755447;0.0;1.09258834676;2148.52193473;41.2940345486;1635.6226644;2218.2181081
South Carolina;1985.83675365;692.650763097;9738.7186252;1143620.93648;4475.79393108;1442.50025495;0.0;1794.51189106;1462.87120474;0.910835820367;0.0;4719.77290123;120214.246833;13357.1402931;133571.387126;18.5080374676;5453.4095307;53734.4053717;1455.0563864;3555.49142634;2618.77819629;936.713230047;469.638087601;3.06433902677;672.320400029;18.6989832283;5002.48856143;0.0;27.6827999405;13138.035771;239.771532819;9940.03929054;13408.6121982
South Dakota;373.484325733;134.195867701;2049.59770367;219863.244719;954.71870624;308.719742456;0.0;370.30886904;246.300775366;0.105635543544;0.0;846.048632087;26750.6386351;2972.29319576;29722.9318309;3.6195476248;1152.16323332;9068.63259386;333.724643816;739.199323181;558.504076015;180.695247166;87.5769190408;0.648512265966;132.9820751;3.57192579242;849.572488081;0.0;5.41379677309;2420.60016998;51.1908580808;1918.04507374;2504.73549717
Tennessee;3139.23100647;1109.92952999;15431.9637701;1680992.64184;7112.72549045;2290.78863212;0.0;2857.21534206;2259.01652407;1.35942121034;0.0;6667.62139156;214227.278577;23803.0326308;238030.311208;30.1481288381;8653.39052805;83043.607354;2726.35105772;6059.73563297;4607.69019098;1452.045442;723.72056769;5.35662340096;1122.75971494;29.5022272194;7623.73657236;0.0;45.0932359596;20495.864347;381.358537057;15604.1125503;20946.8407789
Texas;7541.92659402;2888.36221774;32571.2400783;3781267.20638;15152.1866297;4815.4547271;3133.63498576;6537.4696887;4791.35396487;2.76748780866;0.0;21901.6659171;553151.736742;61461.3116174;614613.048359;89.9697692753;18334.5179751;180750.961424;6525.72061101;15855.0139467;11548.9026976;4306.11124908;2068.72982214;13.6995329508;2858.02426738;82.728464095;21371.811444;0.0;134.569647249;44808.8939986;806.859516548;33967.7298023;44032.6604861
Utah;1227.53430328;416.503911837;6845.68165832;764043.943989;3164.01666209;1026.15023722;345.478660957;1210.20815331;856.687561953;0.391926311579;0.0;2453.53675656;68300.2994933;7588.92217155;75889.2216648;10.5994195142;3822.11008376;31820.4776971;628.135627683;1640.9651349;1172.43318706;468.531947839;228.633195875;1.38968137701;305.258386217;9.01629590436;1976.57239923;0.0;15.8537895402;8367.38846856;167.468477499;6521.40190766;8470.89210878
Vermont;420.629166752;143.163963514;2233.4050391;237927.788497;1035.87319564;334.442625099;518.687379619;405.651899403;258.141358257;0.085825990443;0.0;942.05623164;19563.2513882;2173.69502406;21736.9464123;4.0064871476;1239.42908989;10009.0986304;229.210127813;643.009107845;462.871465578;180.137642267;91.4574053804;0.818224397449;137.078043949;4.30766403765;621.6591747;0.0;5.99256708345;2690.2364787;52.4332711939;2130.57768699;2548.86516278
Virgin Islands;0.0;0.0;0.0;0.0;0.0;0.0;0.0;0.0;0.0;0.0;0.0;0.0;0.0;0.0;0.0;0.0;0.0;0.0;0.0;0.0;0.0;0.0;0.0;0.0;0.0;0.0;0.0;0.0;0.0;0.0;0.0;0.0;0.0
Virginia;2523.53310366;756.483560354;14774.2999225;1722045.41347;6747.43015277;2199.87572932;3177.72150518;2506.80198579;1849.7218081;0.779690031912;0.0;7881.63931447;191442.440315;21271.3844224;212713.824737;17.1378912019;8123.19518824;71018.720418;1786.19817413;4893.61356901;3448.30186985;1445.31169916;710.28541874;4.14945915111;919.789357408;27.8794604188;6628.4412304;0.0;25.6334623522;18768.6403075;343.578899916;14319.3480215;17821.8975346
Washington;3363.00231353;1100.87693996;19412.7252104;1817139.19072;8939.56551863;2909.18848615;412.65419124;3354.14832239;2475.40440577;1.19904238298;0.0;5156.38666612;178134.392868;19792.7116753;197927.104543;25.9458323716;10824.9538242;91115.0990123;1885.23237774;4490.56961039;3360.76695933;1129.80265106;575.194963651;3.96331420824;873.210905604;23.1653981272;5498.15429488;0.0;38.8077720333;23756.4659268;474.50803631;18459.4195729;24330.6864088
West Virginia;794.794837878;266.730997404;4503.04601774;503753.787411;2077.71884724;675.066247381;0.0;787.082516389;578.110059238;0.285791757635;0.0;1955.98565463;53881.4164663;5986.82419661;59868.2406629;6.49707772285;2517.24628926;21202.9934409;622.78407326;1530.0961817;1138.45484107;391.641340631;204.176466542;1.3317279276;302.048291253;8.11428209241;2672.05242062;0.0;9.71774793631;5513.59121458;110.958960115;4288.69816688;5687.87772582
Wisconsin;2214.0809807;781.60361924;12218.876261;1322562.05245;5688.75850639;1839.64256845;1027.71788978;2202.81712975;1408.73900985;0.516124163726;0.0;6010.23529027;153710.264362;17078.9171576;170789.181519;21.3151559715;6837.73481446;52919.9671854;1829.20448541;4438.01329949;3281.60384806;1156.40945143;585.879369699;3.82794876458;839.383980886;23.3080632947;7198.82827692;0.0;31.8815360307;14358.1049836;299.358300457;11406.0350284;14401.1633974
Wyoming;414.04895319;147.464249916;2341.5029058;246836.259559;1091.05117312;353.407119838;0.0;418.301001648;272.564966881;0.108605869641;0.0;895.407226089;29187.7792292;3243.08693089;32430.86616;3.90204422361;1315.51588899;10031.5871758;360.808575318;791.689669582;599.452141956;192.237527627;92.7561204165;0.695894332468;141.396990691;3.79456119755;901.31653235;0.0;5.83634850047;2714.67409526;58.4577676703;2162.75841236;2815.36651918
