# State;ALD2;ALDX;CH4;CO;ETH;ETHA;ETOH;FORM;IOLE;ISOP;MEOH;NH3;NO;NO2;NOX;NVOL;OLE;PAR;PEC;PM10;PM2.5;PMC;PMFINE;PNO3;POC;PSO4;SO2;SULF;TERP;TOL;UNK;UNR;XYL
Aguascalientes;260.772111311;171.526603659;66.3131793405;9255.33119176;99.2182775509;29.2382173096;775.077035798;198.093168141;315.230475724;4.19799902776;528.052092572;24137.7312776;5161.40681581;573.489413515;5734.89622932;22.3920412375;239.283638155;17142.2633895;330.259549155;3156.67912267;1541.36630434;1615.31281833;687.410038416;3.77287807889;431.808432238;88.1154064496;5775.34523432;88.6576001587;482.276492667;2356.09291531;3.19331071612;3097.22968434;1743.64207951
Alberta;2684.78024319;3230.29180694;93925.4803199;394348.415404;2930.24162045;83385.860469;3284.24049339;47313.8779342;868.201819464;20.931613737;1612.25958895;153516.851814;297809.508125;33089.9467123;330899.454837;201.875032623;5053.7411048;396144.830247;7765.48862139;416356.213273;63843.3143162;352512.898957;44398.0083798;377.73344158;10259.282551;1042.80132244;69721.332045;23.3133539906;6439.9023169;16631.1890686;51.8713913347;140431.0858;12139.3076698
Baja Calif Norte;695.151001835;450.971392693;188.269026494;42320.1790378;466.433140484;107.274961998;2203.44990572;547.304285256;743.913270446;17.671742251;1526.85833915;8692.38424313;22102.5554426;2455.83323534;24558.3886779;67.907723342;701.893122582;44388.463045;1293.64685208;6006.754377;4486.54460094;1520.20977607;1500.18556965;11.8552824396;1376.79059178;304.066304998;18783.6116338;287.050246201;1604.1771315;6337.61077469;11.0139360188;8915.19505208;4420.01378264
Baja Calif Sur;135.657542221;94.8365941677;32.207590734;5195.88625341;56.3163196041;16.9176940756;238.62240209;126.782492942;91.9893343364;1.7134384431;191.176261512;5702.63956315;6927.53369643;769.728713989;7697.26241042;6.06302333041;137.065966909;4930.93762482;305.863963249;1097.0444066;822.177000502;274.867406097;220.403463682;1.52478281718;271.463884323;22.9209064303;1742.55397609;25.4056010847;111.010279932;601.649972586;1.17632684306;1154.97554713;440.687642212
British Columbia;3006.89222824;2466.13145105;423083.16992;683330.0982;6746.16731873;16205.0540127;2232.5490477;9117.26135209;1208.77305531;79.3233538253;1377.04529771;28973.6349916;113254.181284;12582.1686941;125836.349978;91.0461164702;4315.14435342;86876.9475323;7405.95681807;88141.0023706;53656.2254398;34484.7769308;20946.8872678;147.765546608;24446.4124451;709.203362269;72160.4475206;11.1796040918;959.325491493;10831.6038372;21.8514247863;28694.3971266;9066.77105497
Campeche;0.0;0.0;0.0;0.0;0.0;0.0;0.0;0.0;0.0;0.0;0.0;0.0;0.0;0.0;0.0;0.0;0.0;0.0;0.0;0.0;0.0;0.0;0.0;0.0;0.0;0.0;0.0;0.0;0.0;0.0;0.0;0.0;0.0
Chiapas;0.0;0.0;0.0;0.0;0.0;0.0;0.0;0.0;0.0;0.0;0.0;0.0;0.0;0.0;0.0;0.0;0.0;0.0;0.0;0.0;0.0;0.0;0.0;0.0;0.0;0.0;0.0;0.0;0.0;0.0;0.0;0.0;0.0
Chihuahua;1839.01962056;1306.20953753;411.09867381;69405.5745419;786.879491438;247.033211859;2852.13225245;1667.69042728;1014.79152286;16.2695466724;1982.02456698;42772.6025861;32071.1715081;3563.46477025;35634.6362784;110.352912548;1107.34833585;55243.7377333;2543.78038526;17111.5745525;10675.7808522;6435.79370029;4125.6181264;19.8104186026;3526.86069016;459.711231777;27883.4003296;426.061245281;2277.53393912;8026.57661915;19.6390472651;10705.9401691;5597.87127785
Coahuila;726.50188687;416.891352128;156.161382739;27291.4525068;316.251560773;88.9311241257;1904.7358836;504.616830602;846.141564201;12.1356011376;1322.58103562;26782.4025187;17201.1028293;1911.23336431;19112.3361936;58.3712199276;548.430166251;40507.2459789;1053.4826989;4951.32906618;3391.32829445;1560.00077173;1047.20901007;8.33532708323;1134.58423794;147.717020453;9953.56552853;151.122203961;1228.57364705;5300.83293732;9.53699900329;6701.86072901;3882.92173603
Colima;0.0;0.0;0.0;0.0;0.0;0.0;0.0;0.0;0.0;0.0;0.0;0.0;0.0;0.0;0.0;0.0;0.0;0.0;0.0;0.0;0.0;0.0;0.0;0.0;0.0;0.0;0.0;0.0;0.0;0.0;0.0;0.0;0.0
Distrito Federal;0.0;0.0;0.0;0.0;0.0;0.0;0.0;0.0;0.0;0.0;0.0;0.0;0.0;0.0;0.0;0.0;0.0;0.0;0.0;0.0;0.0;0.0;0.0;0.0;0.0;0.0;0.0;0.0;0.0;0.0;0.0;0.0;0.0
Durango;1061.54211108;867.335853767;369.276835927;45163.2748892;801.96654722;347.184114012;950.886339523;1138.24077466;262.770981101;3.55262900842;721.124103242;48923.4964575;10763.3275482;1195.92531468;11959.2528629;33.5405266952;725.561349603;19079.2166381;1177.85082976;11604.4337541;7036.73832261;4567.69543147;2947.05994202;14.024739827;2832.22553393;65.5772770714;2403.26759547;34.6594516223;600.58515994;3081.66985915;5.8015026774;5054.91218592;2043.68449919
Guanajuato;246.445260537;187.193965332;17.6557346076;8079.72752239;34.8895786086;11.5848769578;129.643581938;286.820162811;44.83214405;0.91389256403;106.934015002;4898.21539785;1017.35041276;113.039014754;1130.38942751;4.10289265696;97.2823582841;2430.55900411;112.896021649;2059.54692439;1235.13475939;824.412164994;594.163888733;2.18602589329;513.95557334;11.9332497782;472.223871426;6.98718605356;43.6609130177;440.21610289;0.4040085359;586.035448767;246.876021649
Guerrero;0.0;0.0;0.0;0.0;0.0;0.0;0.0;0.0;0.0;0.0;0.0;0.0;0.0;0.0;0.0;0.0;0.0;0.0;0.0;0.0;0.0;0.0;0.0;0.0;0.0;0.0;0.0;0.0;0.0;0.0;0.0;0.0;0.0
Hidalgo;2.80417043073;2.18553139155;0.0256373621698;81.2585725734;0.0535966236435;0.00882403455745;0.30712761256;3.39868341468;0.0916641366755;0.00172331430745;0.259081920446;11.0049560013;4.44210309915;0.493568233602;4.93567133275;0.012565703302;0.747692833854;7.40087286606;0.911313679128;12.5084077735;10.7868898913;1.72151788224;4.39003118438;0.0242757717555;5.41407876012;0.0471904958746;0.269997190871;0.0013229624608;0.0785451061029;3.14507800294;0.00159306273759;2.89932871178;1.22388542866
Jalisco;285.091340002;216.351390576;91.1685567993;12349.4334095;201.861283233;85.2053845908;220.518143752;299.808493284;87.0556478998;1.28937531375;177.390308702;25547.3250965;2536.53735611;281.837614158;2818.37497027;7.90220106153;154.884674736;4341.131332;314.085302777;3430.08215601;1927.14699339;1502.93516262;830.718905295;5.6561574541;755.954217056;20.7324108093;755.255810447;11.0789351896;102.350033036;620.147972795;1.28014341652;925.550538677;398.107239207
Manitoba;1668.79059641;1475.76370048;36460.4156515;276493.230135;5869.42081557;3129.26110493;1364.19014547;1553.99618361;587.633465545;14.3669076572;660.215822792;72517.9273814;46658.1572209;5184.21152554;51842.3687464;91.9589812001;2604.50249697;42624.6854526;4262.86523532;105581.197789;27221.1985472;78359.9992416;13292.9440037;100.270205195;9174.92224739;390.196855548;2232.66751192;8.37096526067;2140.97624418;5651.98342047;23.7783430996;11685.7622515;5050.80626322
Mexico;0.0;0.0;0.0;0.0;0.0;0.0;0.0;0.0;0.0;0.0;0.0;0.0;0.0;0.0;0.0;0.0;0.0;0.0;0.0;0.0;0.0;0.0;0.0;0.0;0.0;0.0;0.0;0.0;0.0;0.0;0.0;0.0;0.0
Michoacan;0.0;0.0;0.0;0.0;0.0;0.0;0.0;0.0;0.0;0.0;0.0;0.0;0.0;0.0;0.0;0.0;0.0;0.0;0.0;0.0;0.0;0.0;0.0;0.0;0.0;0.0;0.0;0.0;0.0;0.0;0.0;0.0;0.0
Morelos;0.0;0.0;0.0;0.0;0.0;0.0;0.0;0.0;0.0;0.0;0.0;0.0;0.0;0.0;0.0;0.0;0.0;0.0;0.0;0.0;0.0;0.0;0.0;0.0;0.0;0.0;0.0;0.0;0.0;0.0;0.0;0.0;0.0
NW Territories;0.0;0.0;0.0;0.0;0.0;0.0;0.0;0.0;0.0;0.0;0.0;0.0;0.0;0.0;0.0;0.0;0.0;0.0;0.0;0.0;0.0;0.0;0.0;0.0;0.0;0.0;0.0;0.0;0.0;0.0;0.0;0.0;0.0
Nayarit;694.501775228;521.841300749;138.934697553;26912.6916023;348.110647817;126.643965354;401.242275831;762.324102835;152.833726473;4.55060979811;332.128084128;22139.2568066;5589.83132481;621.09215364;6210.92347845;13.7943824468;359.181330015;8387.59697937;754.82307159;5371.33918671;3833.92298594;1537.41620077;1454.87724874;7.66999200825;1579.62634667;36.9263269344;1346.6031471;19.4017346848;156.867008515;1321.41889354;2.79228554881;2124.05441632;810.789912973
New Brunswick;2577.02770363;1981.75799256;39137.7915958;141477.188227;1536.02217342;660.863119176;897.189134476;2995.23242172;302.812147015;14.7693543842;372.810160662;4420.64150388;17106.1481424;1900.67642807;19006.8245705;43.4987831809;1356.76138161;19165.1573031;1517.31704382;46458.8785178;17342.7668934;29116.1116244;8933.53185073;39.556229435;6659.94077118;192.420998253;9389.71598693;113.655197121;1012.03673341;4941.63461745;8.485235811;6527.43149138;3393.37785678
Newfoundland;31.921271529;463.687345823;3590.36561848;138887.541915;5340.04887075;4132.60424615;1.82367815076;396.976207675;129.711891158;0.0473951708196;0.250093129847;296.458090026;4178.22571427;464.247459339;4642.47317361;0.0930408300402;1540.18642301;33523.4003061;1120.7684695;15289.152754;11954.1922746;3334.9604794;4094.35855807;15.6120723998;6574.81127003;148.641904573;76.2325267724;0.882548666479;583.577900957;1351.28918086;0.0201951030275;9790.43815432;929.091063675
Nova Scotia;1533.32545737;1196.85918422;28778.5315498;94086.2688506;576.589590943;885.162339556;695.002503877;2111.57727406;169.016412562;5.9286711394;297.917035224;4492.66537597;9673.3682713;1074.81982418;10748.1880955;34.0548770648;852.605093129;13329.0107711;845.296148525;25256.8877899;9957.27040868;15299.6173812;5172.24676665;20.355742434;3826.32660615;93.0451449263;5263.13743547;80.2477604899;796.992185188;3239.64223556;5.9370309196;4531.48654868;2142.50053242
Nuevo Leon;927.507186561;711.185358224;181.825004602;33290.1616455;435.728409486;109.536942068;3119.63969113;770.119427371;768.564323561;11.6571749632;2215.96288651;20842.9421308;19784.3232247;2198.25922232;21982.582447;92.6662554606;869.665753137;54618.4125282;1463.96561528;7011.49583558;5185.24106836;1826.25476722;1627.93307286;10.8559816355;1833.35893517;249.127463417;17549.4752775;267.663079967;2179.1118377;8440.74481657;14.5153240885;11851.4646979;5937.44374422
Nunavut;0.0;0.0;0.0;0.0;0.0;0.0;0.0;0.0;0.0;0.0;0.0;0.0;0.0;0.0;0.0;0.0;0.0;0.0;0.0;0.0;0.0;0.0;0.0;0.0;0.0;0.0;0.0;0.0;0.0;0.0;0.0;0.0;0.0
Oaxaca;0.0;0.0;0.0;0.0;0.0;0.0;0.0;0.0;0.0;0.0;0.0;0.0;0.0;0.0;0.0;0.0;0.0;0.0;0.0;0.0;0.0;0.0;0.0;0.0;0.0;0.0;0.0;0.0;0.0;0.0;0.0;0.0;0.0
Ontario;10753.8033485;8171.83712008;483464.501763;1247792.32494;9959.38256627;5501.63523818;19323.9543913;10317.0084753;3192.20277596;100.522771937;8346.79920149;100449.955035;240160.74637;26684.3562852;266845.102656;946.548248549;9862.80534002;275193.828271;15151.3684243;331180.080105;96341.5420609;234838.538045;52112.9029338;226.000903785;27366.2898747;1484.97992427;26175.5025667;147.212833766;21410.5750034;52433.3002692;162.915613305;68046.6246023;41084.8846644
Prince Edward Island;463.460206286;346.286393712;4714.86526607;35442.1130385;191.416148669;84.1538048579;78.1394404008;514.600016369;75.0498907114;2.52950845384;28.3426203035;2954.02920132;3883.65805894;431.518389744;4315.17644868;5.22606290117;278.829489641;3394.95146969;361.90039121;6510.71409613;2758.59936319;3752.11473294;1311.98291793;7.15508677943;1050.80569465;26.7552726291;1349.0132963;16.331295954;88.345342218;812.674336954;1.59302354254;1008.38521578;637.404655831
Puebla;0.0;0.0;0.0;0.0;0.0;0.0;0.0;0.0;0.0;0.0;0.0;0.0;0.0;0.0;0.0;0.0;0.0;0.0;0.0;0.0;0.0;0.0;0.0;0.0;0.0;0.0;0.0;0.0;0.0;0.0;0.0;0.0;0.0
Quebec;12396.672873;9518.16509404;317686.030735;982903.984435;7766.34340806;4611.42359986;10163.6675577;13481.2556597;2487.29363908;101.768912945;4588.76591831;79082.6891119;144751.053269;16083.5689157;160834.622185;523.125493642;13711.5368745;174939.16047;11233.3440522;225641.379962;84497.6886529;141143.691309;41537.9164647;196.476061112;30795.1646643;734.787410616;28831.1799582;230.6402672;11959.3890005;39056.5001768;91.3368428579;44594.8690946;28123.1174367
Queretaro;49.5368625143;38.156750939;1.6137370878;1497.42697201;2.09068234164;0.819886659722;11.1848123944;59.3866744446;4.6209217282;0.0903378326692;9.59519498228;535.178624977;79.9767083891;8.8862937769;88.863002166;0.286772879181;15.5667727696;252.499170742;14.4863490909;223.413696556;194.297249525;29.1164470312;79.7759849424;0.381815473139;98.7403818405;0.912718177659;10.8414886049;0.118995702089;2.0640219792;65.1426048634;0.0206426685274;72.6823316192;30.2117623197
Quintana Roo;142.642201756;106.700750519;61.9265988745;6227.37771281;116.908797919;37.5804216009;193.517294929;163.502086432;69.0012160474;0.980665673044;159.303829759;795.033273368;2011.74410335;223.527040901;2235.27114425;3.7456648225;101.795656509;3671.51359622;141.001029889;928.430549447;785.425811053;143.004738394;264.106510469;1.37733494271;366.078176778;12.8627589742;1017.71890144;15.0352796177;61.9687727641;486.936504914;0.521496956012;792.706968116;326.870031691
San Luis Potosi;2669.16214091;2015.38249283;178.417704878;85795.9155339;468.584639572;133.598563909;1289.12855993;3072.0019048;415.169535949;11.5687523471;1000.89756511;34199.480753;12582.5554464;1398.06135794;13980.6168043;41.6655470163;1016.41603754;25374.8028516;1632.34059657;15908.6428521;11872.5769968;4036.06585537;4842.83495979;23.0785179429;5308.98117528;65.3417471629;1694.72013404;22.1372405628;596.907765803;4950.26191133;6.85416281089;6240.60517844;2842.36328103
Saskatchewan;1443.53422113;1919.89221524;38753.8785849;264095.109677;5137.15136744;20208.8622008;1374.68152582;8015.34849159;577.958914378;12.2996496338;697.768711784;115952.995311;64434.4079452;7159.37141972;71593.779365;90.1987509383;3428.45209225;196521.672122;4648.75455502;190433.911784;28418.8141621;162015.097622;14878.3889703;163.433448525;8297.92168852;430.315499705;9140.86523388;154.607475168;3295.96497085;8709.34877505;26.7623596378;51977.6450048;6583.11485066
Sinaloa;1851.49184623;1326.68396365;143.79426644;62336.3156313;362.593301179;79.4831346528;1307.27484515;1982.7011137;541.707226552;13.6388261479;1075.62302287;65472.5830239;19550.807863;2172.31230874;21723.1201717;45.4015181468;929.763887564;27079.5310111;1974.08241825;16844.1114683;9967.95830663;6876.1531617;4294.70034557;20.4078959639;3619.77803215;58.9896146872;2374.08672498;31.8126082552;452.994260355;3864.39931868;8.04604655324;6186.34710446;2443.94156826
Sonora;1547.87627295;960.858600837;173.599859786;78762.1009223;732.347033009;100.26963853;1571.107608;1674.40156885;728.652839267;32.7093108782;1168.25694605;51474.4700909;20245.7605913;2249.5312482;22495.2918395;52.1496181154;883.966177274;33257.9937221;1872.72309198;11619.9506137;9092.34835287;2527.60226084;3658.90810199;25.6977380578;3430.10574569;104.91367516;2254.34791977;30.7180764232;964.938576894;4258.0499184;9.33439167932;6326.46918642;2915.333139
Tabasco;0.0;0.0;0.0;0.0;0.0;0.0;0.0;0.0;0.0;0.0;0.0;0.0;0.0;0.0;0.0;0.0;0.0;0.0;0.0;0.0;0.0;0.0;0.0;0.0;0.0;0.0;0.0;0.0;0.0;0.0;0.0;0.0;0.0
Tamaulipas;1455.50741395;1029.90421175;167.256100575;53064.4619843;448.97337165;89.2204532152;2064.27873688;1330.48290187;672.906853729;14.2556698127;1495.85647558;38039.3161967;28863.2533503;3207.0271314;32070.2804817;80.0848517006;888.563146414;39407.7495387;2570.39676262;14108.8462741;8143.76329988;5965.08297426;3016.0449906;16.4348069027;2490.25779604;50.6289437105;2939.15973655;39.3417242569;1329.25094132;5803.82791754;15.3072540207;8246.50544979;4144.65461201
Tlaxcala;0.0;0.0;0.0;0.0;0.0;0.0;0.0;0.0;0.0;0.0;0.0;0.0;0.0;0.0;0.0;0.0;0.0;0.0;0.0;0.0;0.0;0.0;0.0;0.0;0.0;0.0;0.0;0.0;0.0;0.0;0.0;0.0;0.0
Veracruz;695.331694506;529.482371975;12.1211316325;21892.3419364;62.3587457024;6.09114825973;163.883153359;847.617886616;43.1776823581;2.86958026952;136.708775388;9105.25797748;1493.43835227;165.937612725;1659.37596499;4.86338880603;214.585091034;3094.69461859;263.987400475;3505.34658554;2836.26762413;669.078961403;1197.14982876;6.07772394826;1353.65088135;15.4017896019;127.663451225;1.24265925032;50.903203135;884.493004558;0.620622476518;983.222829831;408.506169745
Yucatan;586.085889383;474.706572838;108.858612962;21059.3323915;177.160685759;78.8080732596;222.597200351;709.935615371;54.0473294422;1.52994712049;175.787901255;15949.7448778;2982.51204771;331.390123293;3313.902171;11.1931348402;262.95802834;4319.37358587;253.58935355;3193.50472682;2756.81850769;436.686219128;1084.4278263;5.99022713118;1395.65461918;17.1564815335;355.539014424;4.6197363228;126.344281618;983.015488032;0.748461691276;1349.41150375;547.980512023
Yukon;0.0;0.0;0.0;0.0;0.0;0.0;0.0;0.0;0.0;0.0;0.0;0.0;0.0;0.0;0.0;0.0;0.0;0.0;0.0;0.0;0.0;0.0;0.0;0.0;0.0;0.0;0.0;0.0;0.0;0.0;0.0;0.0;0.0
Zacatecas;973.42345052;674.227361806;185.270520125;34748.4318621;408.667081125;152.373739392;710.942284628;910.459309402;442.144525868;6.45277085931;580.21279276;40462.6678954;13163.0265807;1462.55887123;14625.5854519;35.1378931861;542.720769137;17885.7216689;1485.16343535;15668.326991;7062.21702663;8606.10996434;3515.48677006;9.81865716475;1977.28048557;74.4676784779;3616.59624266;53.131332198;281.140070702;2070.62027538;6.56483848168;3422.13571364;1470.0134687
